     1      0.49639635      0.11386188     -0.32469282     -0.02532972     -0.57860684     -0.39195670      0.16437008      0.26110832     -0.18102810     -0.13482183
     2      0.17973641     -0.09156539     -0.29290962      0.19762996     -0.10158630     -0.25469263     -0.35759869     -0.48847817      0.52536402      0.34172173
     3      0.15187617     -0.39480046     -0.52536402      0.46968584      0.35759869      0.16939498     -0.10158630      0.04710424     -0.29290962     -0.26371949
     4      0.06429757     -0.33015027     -0.18102810     -0.08094827      0.16437008      0.06392751      0.57860684      0.36454857      0.32469282      0.49328654
     5      0.08003204     -0.61815810      0.00000000     -0.65169196     -0.00000000     -0.11353229      0.00000000     -0.27712158      0.00000000     -0.31158799
     6      0.06429757     -0.33015027      0.18102810     -0.08094827     -0.16437008      0.06392751     -0.57860684      0.36454857     -0.32469282      0.49328654
     7      0.15187617     -0.39480046      0.52536402      0.46968584     -0.35759869      0.16939498      0.10158630      0.04710424      0.29290962     -0.26371949
     8      0.17973641     -0.09156539      0.29290962      0.19762996      0.10158630     -0.25469263      0.35759869     -0.48847817     -0.52536402      0.34172173
     9      0.49639635      0.11386188      0.32469282     -0.02532972      0.57860684     -0.39195670     -0.16437008      0.26110832      0.18102810     -0.13482183
    10      0.61787113      0.21318972     -0.00000000     -0.20392249     -0.00000000      0.69609687      0.00000000     -0.19848864     -0.00000000      0.08516118
